6.365192739
6.797823123
8.625793676
9.643446716
10.12097506
11.93463721
12.94869615
13.39213152
15.3531633
16.25759637
16.69761904
18.50485262
19.54410431
19.95987528
21.71034015
22.82333334
23.26717688
25.01000003
26.10342404
26.51914966
28.30816323
29.37992063
29.8470635
31.6340363
32.41468254
32.66534014
33.10468253
34.88371877
35.9545805
36.42929704
38.25628121
39.24470522
39.6786848
41.55514739
42.54704082
43.00309523
44.80119052
45.82718821
46.26484128
48.03642852
48.88428571
49.13410431
49.28676871
49.66769841
50.10502266
50.51337867
50.91596372
51.31543084
51.60782312
51.84493197
52.15284581
52.54023809
52.96502267
53.33585033
53.77095237
54.22980725
54.60554421
54.89340137
55.17141723
55.40513605
55.82231293
56.25074831
56.67880954
57.05334468
57.48213153
57.61402494
57.86438775
58.16774377
58.41798186
58.70904762
59.10003402
59.57705215
59.78879818
59.97078231
60.33642858
60.72147392
61.18786848
61.48072563
61.68482992
61.98259637
62.39860545
62.83459183
63.2377891
63.64831065
64.02621315
64.4618254
64.77316327
65.02839002
65.26698413
65.68960318
66.11856009
66.38434241
66.55131519
66.92346938
67.27947845
67.75034014
68.04730159
68.25034013
68.55547619
68.97568027
69.40216554
69.82443311
70.23181407
70.64063493
71.0418254
71.3337415
71.58468253
71.88300453
72.22890022
72.68484127
72.9686508
73.13344671
73.45724491
73.92687074
74.38447845
74.64006803
75.43339002
75.87175737
77.49392286
